78
27
48
29
28
23
40
32
80
74
112
88
83
93
90
86
81
99
98
107
98
131
142
140
5
143
159
46
96
105
44
94
102
15
101
111
102
8
92
124
124
18
121
105
94
4
108
103
3
1
6
2
4
1
1
1
1
2
1
270
452
419
317
509
523
325
11
602
552
365
342
138
463
372
462
425
412
102
119
138
140
121
135
149
125
139
130
148
121
65
43
40
47
18
33
29
33
29
31
44
27
2
37
34
53
4
43
59
29
51
34
19
48
60
12
33
45
20
38
62
28
49
48
26
62
57
31
16
34
32
30
46
51
24
48
34
30
31
34
31
24
40
41
21
31
51
22
29
48
16
35
43
40
21
49
37
24
47
44
39
39
36
19
39
35
49
13
51
41
25
47
41
23
54
45
24
48
54
23
32
32
16
51
41
19
41
49
16
47
1
54
33
25
35
52
32
32
44
18
34
35
27
21
35
39
23
37
39
18
55
37
24
27
36
17
53
6
41
26
15
33
35
11
29
31
23
24
35
15
30
6
37
25
11
40
33
15
32
46
17
32
37
15
30
1
32
28
14
34
27
17
36
29
9
39
22
17
27
30
15
23
21
29
11
27
13
30
13
36
11
32
16
12
29
25
21
18
27
19
31
22
33
31
18
26
16
17
23
8
23
12
17
10
15
9
26
26
10
22
19
10
21
11
22
14
23
12
16
9
18
13
15
11
21
11
14
18
8
5
11
8
24
6
15
13
17
7
18
10
16
4
8
3
13
5
18
9
17
8
17
8
3
12
3
8
2
16
5
19
10
8
7
6
5
8
4
112
324
108
300
89
183
314
99
257
116
268
82
414
403
380
381
377
371
413
378
378
393
407
237
358
368
388
406
429
374
389
364
367
418
377
376
378
397
406
361
323
404
382
363
387
355
378
348
398
380
352
372
372
385
376
328
327
392
376
345
366
319
387
375
344
382
336
377
351
366
353
338
379
332
336
381
346
310
340
361
337
335
335
346
362
312
28
333
316
339
335
325
337
334
321
334
321
336
353
322
370
347
318
321
348
324
304
345
295
324
342
328
331
364
285
320
298
318
306
312
337
324
322
292
321
303
298
322
322
332
300
300
325
287
162
232
285
284
294
303
305
294
289
298
285
314
332
311
303
298
274
282
297
306
300
273
315
287
297
263
313
281
295
283
267
287
279
294
268
278
273
274
295
250
268
238
300
264
242
288
256
269
301
267
273
279
228
238
267
243
251
245
255
278
210
290
246
232
255
265
249
240
285
237
228
238
267
252
268
225
216
250
249
231
240
248
247
251
223
241
204
244
243
236
259
232
253
241
209
248
246
259
254
215
244
199
249
240
212
229
246
241
217
162
223
213
219
210
196
174
227
242
177
183
201
212
194
217
193
184
203
199
208
186
210
204
185
217
175
198
180
200
217
200
202
192
246
198
203
186
198
231
191
201
219
211
164
180
195
160
163
213
182
195
177
174
156
56
170
164
180
201
157
10
152
161
184
159
157
6
169
174
169
161
161
79
129
140
154
154
139
60
137
137
140
42
3
28
10
49
38
40
37
48
46
36
33
33
24
53
9
36
21
42
42
47
41
39
50
49
50
46
59
54
38
55
12
49
44
49
56
50
45
43
47
47
41
46
17
56
50
48
50
38
42
35
50
36
53
39
8
45
38
10
44
57
36
55
41
43
47
44
1
48
47
49
3
57
34
56
46
36
50
48
47
19
32
40
25
41
41
44
40
41
45
39
43
6
55
39
18
43
47
30
22
47
47
45
50
53
45
33
21
40
50
38
20
35
49
33
39
45
43
36
9
46
65
42
52
48
50
38
29
54
44
32
34
31
38
41
36
30
33
24
40
35
42
16
106
81
103
94
101
89
84
99
68
80
78
92
90
88
96
99
85
97
99
92
73
84
97
88
85
102
90
94
78
81
77
79
92
83
100
77
80
86
73
97
85
78
107
70
78
84
67
58
68
75
76
69
92
84
90
71
72
94
94
71
77
92
98
87
94
81
92
76
90
96
79
91
86
105
83
68
72
88
83
104
89
81
101
82
78
84
74
83
79
90
90
79
91
81
80
86
72
82
77
105
110
65
76
84
109
84
97
80
99
91
90
82
63
87
99
87
90
80
95
84
112
78
87
81
83
79
77
73
83
90
82
84
72
69
90
88
66
87
89
78
81
111
75
82
93
77
77
77
89
68
103
96
89
85
91
82
82
95
77
86
93
102
97
83
104
87
79
71
77
79
76
74
89
77
90
67
92
80
74
96
89
85
65
82
91
80
91
82
99
78
90
104
82
100
85
114
76
72
78
92
80
88
81
94
76
79
103
85
72
88
112
79
83
98
85
84
84
72
72
63
69
101
54
94
92
87
82
89
82
82
81
76
77
77
82
68
72
83
63
86
81
93
86
78
86
103
81
66
88
70
71
78
66
89
85
94
80
93
101
75
99
70
101
104
79
67
77
79
74
90
95
85
81
70
71
88
116
86
101
76
85
92
85
73
81
77
86
90
97
61
81
85
63
93
72
87
78
82
92
82
89
86
93
74
93
84
93
80
83
84
77
87
83
87
90
81
82
87
80
76
80
88
69
86
107
71
93
87
71
74
90
71
80
81
76
86
103
102
88
90
80
70
81
91
92
69
108
87
78
82
79
86
83
97
84
73
82
97
120
102
90
77
107
93
84
90
85
96
89
81
91
79
82
69
76
89
73
77
74
82
70
70
80
86
79
94
77
90
80
90
90
90
77
77
96
76
71
111
62
80
90
83
70
100
99
95
75
88
86
86
75
84
72
81
78
82
95
73
65
77
111
101
110
70
79
83
78
95
68
81
118
95
90
83
72
74
82
91
95
92
87
82
102
87
67
84
80
92
98
80
86
86
69
84
96
99
78
79
93
78
87
91
73
86
68
77
80
87
78
82
86
72
80
84
86
88
98
70
83
84
77
90
85
88
80
75
65
58
96
92
87
92
82
93
76
62
76
61
76
68
89
96
77
78
72
90
89
95
86
76
88
71
84
76
96
98
80
82
97
75
83
95
71
88
87
73
78
88
72
77
69
83
70
83
76
70
72
80
96
87
66
85
87
85
88
89
93
71
88
84
85
82
106
66
88
90
73
84
81
81
89
82
85
71
85
80
89
76
66
74
94
73
71
75
70
86
101
78
83
95
73
75
89
81
74
85
79
73
81
89
67
81
73
104
80
55
84
70
83
77
70
94
76
91
79
92
83
76
75
94
71
97
93
86
99
84
81
66
82
65
68
85
88
80
69
82
77
71
82
87
100
66
77
69
80
67
83
76
60
75
69
94
84
78
77
61
95
59
85
92
99
73
84
69
78
65
78
78
71
86
60
70
79
79
82
81
102
85
84
81
69
90
87
109
74
89
92
90
94
72
65
91
84
70
91
70
90
77
66
61
65
95
76
71
103
91
99
62
74
96
76
69
88
83
82
81
92
79
81
86
85
73
81
76
58
86
84
83
66
86
70
78
76
86
71
78
79
61
77
68
74
75
87
92
72
78
98
60
90
67
82
81
79
87
76
75
74
82
62
54
78
74
91
73
69
76
68
90
91
72
75
70
98
79
67
72
76
94
66
87
64
86
85
73
77
84
74
104
78
77
97
87
77
79
61
70
63
75
96
79
81
76
91
81
84
101
93
88
86
72
81
86
89
83
95
84
69
78
67
60
83
88
74
84
80
83
79
72
77
91
88
100
82
79
76
88
80
85
76
75
72
79
101
71
77
83
73
79
84
89
85
61
83
86
76
89
91
80
62
71
76
68
83
80
71
84
73
76
77
81
92
85
69
96
79
76
75
93
68
69
95
79
84
73
104
72
75
86
78
75
90
90
89
116
83
85
96
92
79
80
88
82
68
73
86
85
81
93
92
104
68
72
74
92
71
70
77
70
72
71
70
75
78
80
104
70
85
89
85
75
83
66
87
72
68
65
95
72
74
72
94
78
73
88
85
62
81
83
93
83
91
92
79
68
92
88
92
76
86
73
71
86
80
91
88
80
96
92
92
92
68
68
71
91
73
83
85
62
85
84
71
95
85
66
82
83
74
77
85
84
83
82
77
70
93
82
78
70
63
76
76
79
69
65
72
66
92
92
58
85
69
72
79
69
72
70
71
72
71
79
83
75
69
93
77
93
50
78
72
77
88
78
77
85
81
95
86
80
60
71
72
65
83
90
79
71
88
87
74
59
68
74
85
75
77
67
81
73
68
75
74
71
68
76
84
88
81
82
77
65
84
60
102
65
86
79
73
71
66
83
84
84
81
89
70
64
75
66
65
71
95
92
65
74
103
90
77
58
77
66
80
66
94
64
78
79
75
65
74
95
60
86
78
50
71
68
76
63
79
89
76
79
70
85
72
77
60
60
70
71
96
79
84
70
76
85
87
73
79
82
81
82
89
81
73
97
83
76
73
83
55
81
77
62
96
82
75
71
69
87
65
83
79
67
61
70
94
81
70
85
67
69
69
93
70
70
91
82
75
91
93
77
81
53
83
69
82
57
76
86
60
67
60
87
78
79
70
65
76
75
70
63
86
80
82
76
70
71
82
77
86
81
80
78
73
74
69
82
82
97
86
92
73
91
73
55
64
71
84
80
67
65
96
83
84
78
92
83
71
79
75
90
83
68
74
57
90
81
53
91
79
90
85
74
80
77
83
81
81
80
72
90
75
72
63
79
81
78
67
94
82
75
73
74
77
79
65
66
76
67
90
87
76
81
69
80
86
68
99
103
79
91
76
61
69
59
69
64
76
79
82
64
66
80
82
81
65
72
98
76
66
82
87
70
81
73
75
90
89
78
60
82
81
88
80
85
81
95
67
91
89
78
75
86
79
78
62
90
68
85
71
62
82
71
81
85
66
67
68
64
95
66
62
82
59
54
71
66
79
77
83
90
72
76
88
95
76
79
69
77
89
83
82
81
78
86
80
81
71
71
68
77
88
74
67
65
64
75
72
86
70
85
91
77
67
78
71
60
77
65
83
73
69
93
77
75
75
62
63
85
92
95
71
83
84
60
58
115
77
57
68
67
65
92
87
70
70
72
91
87
94
70
53
79
86
79
73
63
69
69
78
92
85
58
79
70
65
91
87
85
83
71
77
79
70
76
87
79
62
66
68
70
74
82
68
75
63
88
83
87
71
79
80
87
83
83
62
67
87
73
80
77
80
81
67
63
71
60
68
97
78
82
79
84
96
67
72
79
80
60
48
69
71
77
61
80
60
78
68
81
63
87
79
73
72
60
70
79
97
79
70
76
74
86
55
79
77
61
90
69
95
84
81
64
84
73
60
67
71
83
56
89
71
75
76
77
76
71
78
65
62
75
67
81
64
84
83
79
57
68
75
85
58
72
83
87
72
65
83
81
89
92
73
82
76
83
74
83
83
69
65
86
74
67
67
81
83
58
70
73
80
70
72
50
71
67
88
100
76
89
85
81
74
64
94
75
69
67
66
75
73
66
67
63
77
67
79
73
67
74
72
73
85
83
75
71
92
66
78
78
70
76
74
71
74
92
79
73
64
84
77
83
53
79
71
78
89
66
82
76
85
74
64
70
66
74
87
76
73
77
73
78
72
65
70
89
78
56
59
70
61
85
68
90
74
79
89
75
83
64
74
66
75
66
67
73
81
74
82
79
65
90
67
62
83
70
61
70
74
78
96
74
78
91
81
73
91
89
77
79
60
64
85
79
72
84
71
59
76
69
69
73
71
73
57
59
72
84
87
56
79
64
64
81
66
80
70
67
66
79
68
74
71
70
73
78
83
71
63
61
68
74
79
73
63
75
65
56
69
70
65
63
80
70
69
76
71
80
72
76
65
69
68
55
77
49
81
76
69
72
65
67
76
75
82
70
68
77
71
66
69
90
73
79
71
75
73
97
82
85
90
66
65
86
78
78
73
65
79
79
60
66
84
92
66
64
62
87
61
84
60
72
91
73
69
68
64
71
63
58
79
73
82
74
59
72
66
69
86
89
87
66
68
54
78
70
64
68
81
71
65
77
60
63
73
78
78
80
69
67
86
86
69
74
81
58
63
62
79
60
74
71
75
73
74
82
81
63
76
80
85
61
106
64
74
59
68
66
58
80
80
53
83
55
64
66
81
73
84
80
78
76
58
72
67
70
66
68
69
73
55
75
88
60
77
62
83
74
74
69
76
83
81
78
60
88
60
65
72
73
71
71
77
72
72
55
64
80
90
80
67
71
64
113
92
81
76
74
61
77
67
55
65
69
73
67
67
68
85
66
59
76
70
89
57
62
59
70
91
74
69
77
73
55
75
63
74
77
70
69
89
60
69
82
75
71
58
90
64
87
69
65
65
61
66
71
54
70
68
72
62
73
54
74
59
58
70
62
78
61
86
74
65
73
73
70
71
88
82
60
64
69
84
56
69
64
79
71
72
69
92
82
66
77
55
60
85
75
64
48
83
60
71
52
68
68
58
79
59
72
63
65
61
60
64
56
71
80
61
66
69
84
79
71
64
60
55
68
74
67
71
72
70
77
80
82
78
66
89
66
88
74
66
63
66
72
81
67
60
86
62
83
59
68
66
52
72
58
63
70
79
64
62
65
65
53
76
70
76
71
85
71
61
69
73
70
82
67
72
80
55
67
56
80
63
88
68
72
72
81
75
55
69
57
78
48
59
85
90
71
66
75
78
78
65
80
63
78
74
71
57
77
84
67
69
57
72
78
57
64
63
75
66
65
75
71
67
70
65
74
68
75
66
63
81
81
76
56
52
69
87
92
72
67
66
80
81
62
61
81
85
60
81
84
63
60
68
57
64
76
63
55
71
82
65
69
72
72
63
68
100
81
69
77
59
79
72
70
72
66
62
89
76
72
68
76
80
73
64
68
66
62
60
74
75
76
67
62
84
56
73
76
69
62
74
73
66
76
72
52
72
82
75
70
75
66
66
66
74
78
70
79
61
67
66
59
69
65
72
64
62
63
68
62
65
64
72
74
73
83
63
64
55
73
55
63
61
71
68
66
66
79
65
70
86
77
61
56
76
69
67
58
80
62
64
73
69
68
72
68
64
73
83
67
77
72
76
68
80
56
52
74
75
69
64
73
72
63
70
59
85
79
65
55
82
64
57
54
70
73
63
62
69
70
68
67
77
62
68
63
82
74
46
64
64
63
69
56
65
72
77
63
65
72
57
72
63
60
73
73
70
68
59
53
51
58
56
80
72
90
75
64
68
66
66
64
44
63
53
71
82
77
77
64
78
72
59
66
56
83
68
75
98
66
74
66
83
97
60
69
63
73
72
63
82
79
61
70
49
66
64
74
62
70
65
64
75
57
67
52
92
60
65
52
63
74
67
64
67
57
74
55
73
63
78
78
80
56
58
57
59
76
78
65
63
66
60
71
64
75
73
62
63
85
79
77
67
68
62
74
66
75
68
59
67
76
71
77
79
55
75
65
70
64
73
75
81
57
60
53
59
58
58
53
80
60
78
52
63
79
54
74
65
67
72
71
71
65
72
67
75
69
65
68
69
46
71
75
56
92
70
63
60
87
64
73
66
65
70
61
56
66
70
59
76
80
75
81
62
71
82
65
67
68
66
52
68
59
58
67
72
76
68
70
58
73
61
63
56
64
68
67
58
74
65
56
66
60
69
78
73
73
65
63
77
59
70
79
68
68
68
63
75
69
57
83
65
54
63
63
45
85
74
69
73
56
57
58
60
69
61
73
58
74
76
81
62
56
75
69
67
66
66
67
74
68
48
70
59
59
72
59
58
56
52
55
72
60
69
62
75
59
48
59
68
70
55
67
73
66
64
61
44
76
75
66
52
55
55
66
78
73
50
68
76
71
70
65
61
63
84
59
68
75
61
67
59
67
60
47
69
70
65
63
80
84
51
88
70
76
51
67
62
48
75
69
61
68
65
66
54
83
76
65
72
75
65
63
63
71
65
60
77
60
58
63
66
71
78
64
86
77
65
58
70
54
51
85
57
57
55
68
73
55
61
54
49
77
71
85
78
74
68
69
76
78
59
57
67
64
58
70
61
69
52
47
46
61
50
82
68
70
70
79
60
62
77
72
72
65
58
61
71
62
84
47
67
76
78
64
70
79
80
41
62
71
58
62
57
58
64
74
72
58
61
69
59
66
59
54
73
74
54
73
58
54
60
69
47
58
74
57
62
60
60
73
63
64
61
60
62
75
66
66
80
58
76
69
45
63
80
72
74
78
69
64
70
64
57
61
65
56
56
52
75
58
75
71
63
63
50
62
47
84
73
74
59
75
58
49
52
56
65
53
61
65
76
72
61
67
73
67
88
64
67
74
75
71
76
67
62
60
59
73
72
54
60
72
65
66
39
66
76
56
56
57
54
65
74
65
63
60
56
54
64
59
70
59
60
56
61
54
50
81
83
41
52
67
53
74
55
60
57
63
69
61
69
65
82
52
55
65
77
66
81
60
53
66
50
68
64
80
63
52
64
73
65
54
66
73
58
65
54
59
60
53
71
57
68
67
57
57
70
65
85
60
70
69
71
69
66
72
52
78
43
52
72
64
57
69
59
41
70
61
58
82
51
77
55
57
78
63
76
57
51
83
67
57
58
78
78
75
56
47
68
61
72
64
63
65
82
62
54
58
67
68
68
55
72
68
56
66
59
68
75
65
82
60
78
71
65
50
61
81
65
52
61
64
65
62
51
61
62
62
70
48
62
69
75
56
68
70
78
56
66
39
66
82
74
62
51
70
53
67
64
72
82
51
65
50
62
57
65
59
64
71
74
82
65
55
66
61
75
59
69
74
62
80
61
74
71
62
67
70
55
57
72
59
69
79
67
67
50
63
52
56
52
71
52
57
53
60
58
65
49
64
58
62
20
73
45
56
80
70
50
61
52
75
66
67
50
62
69
52
62
68
68
64
67
79
75
64
71
43
55
71
54
50
60
53
75
64
58
50
60
70
47
66
55
66
75
72
46
61
65
53
53
72
62
57
57
78
67
53
73
70
56
64
69
54
53
60
86
49
62
63
75
67
41
55
61
68
67
64
81
62
68
57
65
64
64
68
59
64
72
83
55
61
67
59
53
63
86
67
70
75
69
3
61
55
51
77
75
59
57
62
61
55
62
56
66
51
66
69
54
53
53
63
56
52
67
70
60
60
64
55
53
57
59
63
53
62
65
62
45
55
81
59
61
68
64
51
70
70
56
67
63
53
82
64
62
63
62
64
61
14
69
54
63
75
56
74
57
71
52
51
54
82
70
55
77
56
66
53
63
60
47
58
70
61
66
66
53
65
56
59
55
46
60
7
73
57
49
53
75
70
63
49
71
66
75
51
70
70
58
64
58
72
64
55
49
61
44
71
62
49
81
53
74
65
58
69
57
64
50
75
61
62
67
60
45
69
65
63
55
61
55
63
63
71
64
74
74
60
78
61
58
43
55
53
55
58
60
56
51
47
60
64
57
77
51
70
68
68
50
59
65
52
59
48
10
60
55
72
55
65
72
60
61
67
46
58
65
55
77
68
54
60
66
62
70
63
79
58
59
65
49
85
68
52
62
67
66
60
80
55
68
67
63
65
60
51
58
54
61
54
52
57
65
59
61
54
49
65
47
70
60
50
40
63
56
50
62
61
64
76
61
60
47
73
57
48
72
55
63
78
67
36
62
55
54
71
48
55
51
60
61
73
59
70
55
66
53
53
58
60
63
60
67
65
48
57
41
67
74
61
63
61
64
64
59
57
56
62
72
71
63
64
47
52
63
62
67
76
67
58
60
57
68
52
62
67
64
64
44
55
72
48
63
63
56
47
56
66
52
54
74
45
58
59
72
65
67
60
78
46
46
60
60
54
55
57
56
72
62
90
55
60
62
69
77
78
5
66
55
50
60
50
57
67
68
67
62
58
50
53
70
58
69
51
64
62
62
52
55
70
62
48
57
50
72
67
77
58
62
55
74
47
66
60
57
64
54
57
62
72
56
53
52
70
60
67
60
50
85
58
60
55
61
47
40
82
68
61
59
68
72
44
67
52
62
50
58
55
57
72
63
55
50
42
56
66
62
70
19
44
54
51
61
73
59
80
56
50
79
52
63
48
57
56
69
63
60
51
74
64
56
58
60
63
49
74
46
68
58
62
60
62
56
66
43
53
60
59
63
73
48
63
73
65
57
13
51
60
48
51
49
55
45
47
62
46
50
65
69
63
64
70
32
64
58
60
56
46
57
54
62
53
60
76
59
63
78
68
66
40
50
63
42
64
50
75
48
60
56
80
47
70
63
74
51
52
67
51
53
51
59
65
53
37
48
68
51
64
45
48
67
47
57
8
56
49
62
53
51
54
52
52
68
64
60
55
62
46
81
63
57
49
54
50
48
45
86
60
50
75
57
59
47
64
52
71
54
20
71
59
51
44
62
69
60
68
69
64
59
54
52
72
74
66
44
38
52
55
61
60
51
73
50
53
70
57
70
49
53
46
48
13
57
59
68
47
46
51
51
62
46
54
66
45
56
63
44
47
58
53
53
56
51
59
51
38
69
41
56
49
49
43
52
45
56
55
61
51
44
43
46
11
44
51
49
54
81
60
52
47
34
56
53
58
47
53
38
48
65
33
55
64
60
44
44
49
47
56
54
48
46
45
44
39
50
11
44
49
60
49
50
51
47
46
50
48
57
42
42
46
32
46
50
42
45
59
47
47
44
47
60
49
12
53
38
36
48
53
54
55
45
44
37
49
65
69
44
55
48
47
36
54
54
46
42
47
51
47
36
36
39
53
39
10
45
49
31
39
47
50
44
34
44
35
37
33
48
49
44
10
37
41
52
45
34
48
52
41
35
47
34
33
41
44
26
50
31
26
47
43
42
36
43
50
39
41
45
36
35
29
26
46
36
39
32
38
37
43
30
31
44
42
47
47
35
33
26
24
40
12
30
32
31
44
22
35
29
29
36
34
38
31
32
31
23
50
32
39
21
34
27
29
27
37
38
32
39
32
31
31
30
37
41
32
44
27
36
29
35
42
42
27
28
28
29
32
28
30
22
35
4
25
29
33
26
32
30
36
31
23
32
26
27
23
28
17
27
33
25
29
26
24
24
29
33
23
28
26
28
17
25
23
15
28
24
27
27
48
19
28
26
19
14
23
33
22
21
16
14
18
22
22
26
30
18
17
25
20
16
19
24
20
32
20
21
21
13
24
24
27
15
23
17
11
16
19
19
22
15
17
21
11
23
25
18
12
19
11
19
10
14
21
19
18
19
10
9
10
11
16
12
15
17
16
15
8
14
13
8
13
11
13
7
19
12
13
10
10
7
14
19
19
10
13
5
14
23
10
7
12
11
13
11
20
3
8
11
7
15
11
6
12
12
15
11
8
6
13
8
9
1
4
10
6
2
12
15
4
7
5
13
7
8
4
4
8
7
3
5
3
9
5
6
5
1
7
5
6
5
5
3
3
2
2
2
4
1
2
2
1
2
1
2
1
1
103
91
79
79
98
41
101
93
82
90
88
100
63
95
81
109
97
91
68
86
92
90
96
81
84
94
117
79
97
60
79
95
92
105
104
80
95
95
85
81
80
86
86
86
17
83
73
95
89
92
90
94
89
88
81
87
92
68
88
103
62
76
88
89
105
88
94
99
67
87
82
89
86
81
83
79
77
91
89
93
81
85
88
85
89
78
109
80
84
107
57
95
79
95
105
98
72
97
104
91
99
70
97
60
74
94
86
104
100
76
88
88
59
91
76
84
96
85
89
111
85
82
98
78
58
82
80
76
86
81
99
101
83
98
76
72
85
107
113
90
93
88
89
97
116
93
75
26
89
95
10
68
75
76
91
90
83
84
87
67
85
68
72
70
99
93
97
80
100
101
116
89
66
90
95
72
77
82
82
70
83
71
87
79
97
62
92
80
78
73
73
86
86
81
66
106
83
99
71
119
99
93
94
83
79
74
89
95
72
87
82
82
83
90
101
92
72
91
112
78
91
100
91
87
95
100
105
85
76
89
87
84
81
73
94
85
102
94
96
97
67
93
6
118
81
101
102
111
76
73
94
95
94
96
73
103
86
96
102
70
63
83
84
104
81
76
90
116
83
87
90
103
92
58
85
92
104
90
89
76
118
69
88
110
99
54
79
110
82
84
96
98
79
91
87
97
95
13
105
98
82
72
100
100
94
80
82
81
65
95
89
88
90
83
99
106
100
85
65
72
88
100
94
110
88
99
75
98
98
70
92
74
