319663
301659
375863
344358
997468
121204
59748
48952
17903
65552
57211
3922
5031
5171
5106
5050
4854
5292
5129
5304
5129
5323
5517
5094
7114
7760
8219
1143
7118
7985
4284
5565
5933
6009
6483
6025
6264
1659
6799
6836
7691
806
7133
7201
6498
7560
2486
7416
7014
7372
2326
7210
7653
7223
8076
4077
8180
7789
8523
8540
3981
8956
8756
8757
10516
10583
3417
2119
9655
9698
6500
9503
10301
5726
12665
12175
378
12310
13664
8314
3120
3283
3811
3772
3730
3646
3733
3709
3697
3759
3981
4031
443
319
328
340
187
298
313
324
256
292
305
318
39
357
320
351
59
354
429
238
355
373
282
378
422
46
379
389
152
390
441
303
375
408
264
349
408
260
103
421
373
281
432
401
273
429
408
218
412
441
264
245
417
440
226
420
447
279
410
362
254
389
387
269
189
409
405
223
380
401
245
408
391
269
464
449
228
388
428
192
403
497
240
413
457
225
467
470
255
471
507
226
460
426
257
452
421
228
476
27
448
498
170
441
457
208
457
395
223
468
422
226
413
437
403
240
491
408
229
463
433
248
468
394
253
463
156
424
444
172
483
463
226
491
431
313
494
444
234
422
151
472
496
191
454
420
205
439
484
238
479
449
182
480
29
462
447
193
412
391
201
433
515
206
485
455
244
404
598
314
612
426
651
404
701
383
657
326
595
420
655
403
177
676
327
632
393
649
394
654
379
708
601
392
630
367
418
705
418
648
372
657
432
657
335
719
714
338
648
444
659
410
648
333
685
366
735
396
699
399
632
440
604
683
279
629
371
685
681
459
727
420
709
420
921
406
893
426
738
484
746
147
763
457
708
454
663
468
823
376
718
508
754
482
795
343
694
513
753
493
807
443
718
404
691
354
716
393
830
339
768
97
753
333
782
364
832
413
1010
1051
1168
1070
1101
1130
944
220
708
760
807
738
736
742
743
698
733
692
763
778
759
732
737
742
811
776
812
716
693
758
774
735
733
699
765
770
745
770
718
644
729
748
735
719
709
734
761
718
742
781
784
740
766
819
693
739
774
776
758
779
798
795
753
839
833
737
781
758
739
783
790
818
764
799
772
743
726
734
748
780
771
777
710
822
758
789
748
824
730
789
148
764
785
767
714
844
722
759
775
754
719
726
749
801
797
792
751
750
842
779
773
760
770
805
706
787
729
778
828
760
737
759
659
775
776
803
721
754
818
796
793
774
768
842
786
802
782
768
806
792
797
717
802
736
837
758
805
809
761
779
801
836
808
806
840
807
719
762
813
791
755
774
719
770
740
802
779
783
765
820
819
806
816
715
751
831
781
742
793
747
771
811
813
795
744
765
820
830
776
784
803
809
811
826
760
852
789
772
875
820
790
831
813
825
772
782
763
780
804
794
809
796
785
843
776
795
749
793
788
847
864
794
780
772
820
790
737
750
943
727
801
734
797
866
798
764
791
770
715
812
767
800
871
795
865
887
819
873
841
817
874
854
813
818
804
841
885
787
827
930
873
882
853
830
928
812
832
796
891
901
825
829
847
896
904
866
852
899
903
771
822
789
826
878
886
840
377
737
809
811
849
832
38
797
937
784
883
813
870
872
843
881
877
825
749
801
855
733
781
286
805
40
219
218
218
277
260
264
229
103
245
240
206
260
247
118
32
231
264
303
252
35
333
310
285
308
329
294
334
252
317
308
272
287
266
267
277
314
294
277
124
277
293
307
303
306
305
295
300
55
302
333
68
297
327
298
254
40
279
299
270
320
61
299
295
47
345
303
294
249
268
291
243
295
51
284
320
279
72
263
319
267
323
6
230
298
314
311
54
297
310
154
339
303
311
255
317
296
340
225
287
346
281
83
310
326
314
118
313
341
318
204
335
334
340
271
300
295
315
98
325
307
297
343
364
326
314
126
301
328
363
132
333
312
295
358
16
348
270
281
78
334
281
322
102
41
34
50
38
38
45
36
42
32
30
27
43
42
41
47
50
41
38
39
41
41
29
42
35
36
42
38
38
29
38
30
31
39
35
41
34
37
40
31
41
29
34
39
30
26
35
35
32
24
25
29
27
37
32
33
34
34
43
42
26
39
44
35
34
42
36
28
27
39
41
32
37
33
46
33
29
31
39
35
43
31
30
37
32
37
32
35
29
41
41
36
32
37
36
32
32
23
37
31
45
40
25
29
37
35
31
41
39
49
39
30
27
23
29
33
39
44
44
34
33
38
30
38
32
35
33
30
32
37
38
39
42
37
27
38
35
32
42
43
32
43
42
37
35
47
24
30
40
37
27
39
45
35
39
45
36
35
33
33
37
40
51
45
41
35
30
32
31
27
31
28
31
40
35
32
26
58
34
28
44
38
34
29
42
43
38
49
33
41
28
39
44
33
44
36
40
24
33
31
41
27
39
34
38
31
32
43
34
27
32
48
38
42
39
39
36
36
40
34
31
31
40
20
43
48
38
38
42
36
28
34
28
32
28
29
31
31
29
25
40
23
31
38
33
42
29
46
29
43
32
37
33
20
39
22
39
31
39
50
36
37
23
45
39
34
30
28
42
25
37
33
28
33
35
33
37
46
44
47
32
39
39
41
38
26
30
33
38
51
24
42
34
23
34
28
33
36
28
40
32
38
31
53
34
47
38
39
40
29
34
29
37
33
32
47
38
30
32
31
32
35
40
29
33
45
29
40
34
25
28
41
27
31
33
32
31
38
46
45
37
33
33
28
31
45
28
43
31
38
37
36
42
32
40
39
29
33
40
56
46
34
32
40
37
39
33
35
43
29
34
27
30
34
31
33
40
27
34
31
38
27
40
36
29
26
32
31
38
32
39
45
33
28
35
39
32
34
38
21
28
41
37
31
41
39
42
35
37
39
31
33
36
35
36
36
35
42
27
24
33
35
47
46
25
27
39
38
37
27
39
47
46
35
37
37
38
34
36
26
46
34
32
36
40
26
41
46
36
44
34
29
33
28
31
37
39
24
38
39
37
32
33
29
37
33
36
30
38
29
35
43
30
43
36
44
30
36
27
41
33
30
44
36
46
35
26
34
24
38
37
40
38
29
29
31
21
30
28
31
23
36
42
31
29
32
45
37
44
35
27
32
30
34
30
37
39
38
40
44
36
41
37
23
39
34
23
26
36
26
36
34
38
35
27
37
25
25
37
43
32
26
41
42
37
41
29
39
31
37
38
33
37
35
28
37
30
24
35
37
36
29
41
38
27
38
35
37
29
32
28
35
38
30
35
25
49
35
31
25
32
32
43
29
32
34
29
39
38
25
48
28
39
27
42
29
26
43
28
35
35
33
37
39
40
36
35
26
29
34
51
27
37
53
34
45
37
35
26
42
29
34
39
37
37
31
35
35
30
30
34
38
31
29
31
29
29
33
28
25
30
30
36
34
32
28
24
44
25
30
29
35
32
45
29
37
34
34
35
29
35
25
32
31
32
29
33
37
29
28
34
28
35
35
42
19
38
36
34
31
32
22
34
25
30
35
32
34
38
26
35
35
42
32
30
48
36
35
28
30
35
29
33
35
35
34
28
48
49
30
35
30
31
33
35
22
46
36
33
21
31
33
25
30
39
29
40
32
24
34
27
34
38
34
37
32
30
33
27
37
28
38
31
30
46
31
28
39
35
28
21
31
37
30
32
28
42
26
37
41
30
30
30
46
25
25
32
33
37
26
32
23
36
33
34
40
37
30
39
36
37
37
32
34
32
25
29
21
31
47
33
37
33
39
38
37
41
34
33
40
33
39
34
31
33
45
40
23
32
26
23
31
37
34
40
29
30
35
29
33
33
35
39
34
41
36
33
38
37
31
28
36
33
48
29
28
36
32
37
33
42
33
21
28
42
28
31
33
29
30
31
32
33
30
34
26
38
35
40
29
35
37
36
32
38
38
37
31
44
35
30
35
35
39
30
44
29
28
33
34
34
41
31
35
41
35
35
43
45
38
40
34
28
33
27
41
31
38
30
36
37
27
24
20
40
33
33
35
27
28
34
24
34
28
35
46
25
30
35
40
30
40
30
33
26
36
26
40
25
20
27
39
38
33
37
35
23
35
32
31
30
36
40
36
37
33
28
39
27
38
33
26
43
33
36
28
34
47
42
40
38
37
28
33
35
33
28
39
25
28
22
31
35
36
37
35
33
31
38
32
34
30
32
29
29
40
33
36
29
28
28
27
32
30
31
32
25
47
36
22
40
32
34
37
34
37
33
30
25
26
38
29
22
34
39
43
39
21
26
34
31
29
35
38
38
34
39
37
29
19
28
36
32
32
40
34
21
37
40
33
24
21
25
48
34
45
27
32
31
33
28
26
32
37
31
37
27
41
38
35
35
32
31
40
31
45
33
31
31
33
31
29
33
34
41
16
35
30
27
30
29
38
37
27
26
45
38
31
26
39
34
34
27
38
25
34
37
31
23
33
25
23
34
28
26
28
27
37
26
38
40
33
42
32
34
32
31
27
25
22
28
40
32
29
28
34
38
35
30
36
35
33
36
44
27
39
39
29
39
33
29
30
36
36
16
47
28
28
32
31
40
28
35
33
28
23
28
36
36
31
36
28
26
35
40
28
28
35
41
37
36
33
37
30
21
40
31
32
30
38
39
30
29
19
40
33
36
30
27
29
38
30
20
38
33
34
35
29
28
33
35
33
41
35
32
39
28
25
39
35
36
36
34
38
35
24
18
28
34
24
33
26
22
37
25
37
34
41
31
30
35
33
33
36
27
22
18
33
40
17
37
21
48
39
25
36
36
34
37
37
37
30
40
27
34
27
25
40
35
29
42
34
27
32
25
31
38
31
32
30
25
25
44
27
31
31
39
28
33
42
39
34
36
38
34
30
19
33
22
35
33
37
23
20
35
34
31
36
32
39
29
31
33
40
27
31
36
29
50
34
25
29
36
27
47
34
34
41
34
27
40
29
34
29
38
33
29
17
49
28
33
31
25
40
29
35
36
24
33
35
33
42
37
24
31
31
28
24
28
26
31
34
30
21
31
32
50
36
27
32
38
35
27
28
32
42
37
38
30
34
31
25
31
33
37
30
30
26
31
24
36
31
32
39
36
28
30
32
31
33
25
47
31
25
34
31
30
34
25
26
35
37
38
29
37
37
24
27
40
30
24
33
35
27
32
41
24
24
31
41
30
40
32
22
31
36
32
25
27
26
35
38
32
32
27
29
32
29
44
39
38
41
33
33
33
38
28
41
33
21
21
29
29
27
31
25
30
33
32
35
40
40
31
30
36
39
44
18
31
37
37
30
43
27
35
25
30
23
27
27
37
31
31
27
35
54
26
34
27
31
25
29
34
23
29
27
38
20
32
30
33
22
41
37
25
40
20
31
40
38
33
29
30
35
33
15
35
27
26
28
26
50
37
35
29
32
32
26
26
36
22
30
33
24
41
38
24
34
28
26
35
30
30
29
37
32
33
35
31
27
25
34
33
27
33
29
43
38
36
35
34
30
36
36
35
28
34
31
37
39
25
21
33
30
26
22
34
40
28
31
37
34
36
28
22
41
25
44
40
39
33
37
32
31
24
34
30
30
26
34
28
28
29
41
26
25
32
25
36
25
30
25
37
30
31
33
26
33
22
36
37
31
38
27
34
36
38
31
34
22
35
37
26
20
41
32
30
33
30
39
38
35
29
21
30
25
31
44
39
32
37
35
36
23
29
37
34
37
26
25
33
38
30
25
43
29
35
39
26
34
26
29
32
28
32
22
33
34
29
36
31
24
42
34
29
36
34
29
24
23
42
43
40
29
36
30
41
37
41
44
34
18
28
33
40
37
36
35
26
25
27
24
32
25
31
24
20
38
34
44
24
36
28
23
36
37
40
32
36
25
36
33
26
29
27
31
36
37
25
30
23
23
33
38
26
29
31
25
21
29
31
24
32
37
31
31
36
31
41
27
35
25
28
30
27
36
16
31
37
31
35
32
36
29
28
40
31
41
23
26
26
22
36
27
35
31
39
30
48
36
36
26
36
22
30
35
30
25
22
37
29
25
33
36
32
24
25
31
26
27
42
32
27
47
28
33
28
30
33
31
22
28
36
31
28
19
34
34
30
33
33
40
25
21
36
31
35
31
32
28
23
22
32
30
27
41
33
36
43
30
34
37
37
33
33
30
31
28
22
29
31
46
28
35
30
32
41
34
24
32
30
28
23
36
29
38
28
28
31
30
30
33
26
31
23
27
20
33
33
35
29
37
31
24
38
33
37
32
24
39
38
25
40
41
29
40
25
32
32
26
26
39
37
43
29
36
42
23
32
26
34
22
39
24
35
36
35
33
26
43
29
28
30
31
48
43
34
39
33
30
39
35
21
26
26
27
34
28
31
37
32
30
32
32
38
31
32
32
28
32
32
34
35
34
23
35
38
34
26
35
25
47
32
28
40
30
24
30
38
30
39
30
26
27
31
29
40
27
27
34
29
25
37
22
28
23
28
31
32
35
29
47
28
28
33
34
35
26
34
28
21
26
33
38
30
36
29
40
32
30
35
41
36
30
38
26
23
37
40
32
22
30
32
43
22
28
29
31
31
35
33
31
37
27
22
23
26
22
39
35
22
30
36
29
30
28
32
25
39
31
21
25
28
31
43
36
31
38
24
43
29
45
32
32
29
31
43
41
35
30
44
36
41
39
23
38
25
32
31
30
32
43
27
29
35
31
23
41
39
36
34
42
38
31
28
35
27
34
30
27
34
28
32
26
46
25
41
30
37
30
30
36
25
31
23
39
26
29
41
34
38
34
37
29
35
29
26
32
36
35
29
21
36
36
38
28
29
28
40
27
33
34
31
24
27
31
37
30
32
35
35
31
31
30
30
30
23
41
26
23
29
38
41
29
30
30
43
36
34
34
46
33
29
41
39
31
28
25
33
27
27
29
29
31
30
39
32
30
26
22
39
33
42
29
30
19
37
33
32
40
33
23
39
29
29
35
32
39
32
28
25
34
28
26
27
31
35
29
36
37
25
35
31
39
32
43
37
35
34
24
24
31
40
30
34
34
31
40
23
34
41
30
37
33
32
28
30
25
35
25
30
28
29
32
26
31
26
30
25
33
27
32
36
24
38
17
31
29
29
32
31
26
32
37
36
45
27
36
28
46
25
41
31
36
26
28
38
34
31
44
22
34
38
33
31
40
35
32
38
37
27
27
33
24
33
33
36
29
27
33
28
26
36
39
25
23
33
32
28
26
42
32
37
36
43
40
32
28
29
22
36
37
32
21
34
27
30
41
32
33
32
34
34
27
35
35
34
31
32
40
29
29
30
32
24
30
41
26
28
37
40
38
31
30
28
31
28
20
23
26
33
27
40
32
35
43
47
25
37
28
26
27
40
44
29
27
30
32
47
36
31
32
32
27
26
37
45
32
27
21
41
27
32
26
35
36
32
48
25
23
19
40
33
34
25
27
36
43
26
30
32
37
28
41
31
31
45
28
22
32
32
29
31
41
30
32
30
36
38
33
36
31
23
32
49
26
37
32
30
26
38
30
34
30
38
27
36
32
39
38
28
40
38
31
23
34
40
38
27
18
26
40
28
27
25
38
22
39
20
28
43
25
34
25
28
43
27
30
34
37
31
35
32
34
34
23
28
41
40
26
42
28
26
26
34
33
44
24
26
28
33
31
38
39
27
43
37
35
31
26
34
39
25
30
31
32
22
32
32
29
32
35
39
32
30
23
34
24
40
24
38
23
35
34
42
33
22
31
31
37
38
34
34
28
36
37
21
40
34
30
43
37
26
38
40
33
38
29
25
30
29
26
43
27
37
38
34
27
40
19
34
33
27
34
26
34
42
37
35
28
31
43
34
31
37
36
32
31
33
28
27
36
24
26
21
27
26
30
31
34
29
39
25
24
30
34
25
36
33
40
42
31
36
26
36
38
17
29
30
30
28
49
34
22
33
36
36
37
26
24
31
46
29
37
26
35
32
33
26
32
27
28
45
29
26
39
29
26
51
34
30
28
41
32
25
45
29
26
29
25
27
32
37
47
24
37
31
29
25
29
31
27
38
35
26
23
38
28
27
43
32
28
40
35
34
30
23
30
45
30
34
30
30
29
27
32
25
30
37
38
29
48
36
30
33
41
35
24
30
35
31
31
40
30
35
18
24
34
31
29
36
38
35
36
36
31
28
40
36
22
37
32
33
38
31
54
30
37
42
42
29
26
41
37
25
34
37
28
30
23
27
25
41
32
23
29
29
28
35
34
20
32
40
19
28
30
31
27
32
19
30
35
32
29
28
26
35
28
29
29
26
30
32
22
41
35
30
26
32
25
25
37
39
32
35
36
29
32
29
29
27
36
23
24
32
31
35
47
31
22
33
26
35
27
41
37
31
30
31
25
21
32
38
25
17
34
29
33
32
26
21
25
27
33
31
27
29
30
35
44
39
26
31
20
38
38
28
33
29
36
35
19
38
36
36
29
26
16
32
30
33
37
24
18
30
35
37
31
36
25
16
31
34
20
37
43
20
27
27
37
33
29
25
28
36
34
35
37
26
42
22
30
27
42
34
30
42
26
34
28
38
37
28
30
16
39
41
23
25
28
31
35
33
34
27
31
29
40
32
30
38
31
33
43
41
37
32
28
34
22
29
33
35
27
39
20
21
34
17
27
22
38
16
28
23
33
41
24
41
33
31
43
28
46
34
32
30
24
32
32
36
44
37
43
20
34
39
35
32
24
37
38
25
36
23
31
38
31
28
38
40
24
31
36
40
37
26
33
26
42
39
27
33
35
41
28
27
32
30
38
26
25
36
32
21
31
27
29
30
30
32
39
30
45
34
39
21
35
38
35
27
22
33
26
37
29
33
38
28
37
26
28
28
23
26
33
25
37
40
31
30
36
31
35
27
39
40
36
40
33
33
42
44
35
33
23
34
39
32
43
46
27
40
30
34
32
30
26
27
34
31
24
25
28
41
22
34
25
18
7
40
23
23
36
38
28
22
27
42
27
39
22
32
35
27
30
39
33
32
29
43
35
37
31
22
32
41
24
25
36
29
39
30
39
23
28
42
25
26
25
36
35
35
24
27
33
25
21
31
41
32
23
35
36
34
39
41
32
35
34
29
29
37
41
22
32
32
32
26
24
35
25
29
29
36
35
30
27
31
30
24
41
36
27
24
42
40
17
30
36
36
33
32
40
34
39
32
30
2
32
25
28
49
30
30
21
35
30
24
29
24
30
29
42
31
30
22
27
33
26
27
32
21
26
29
29
31
23
30
32
37
29
30
33
38
25
24
43
30
35
32
31
30
35
45
23
34
29
24
37
40
35
32
27
35
28
12
33
35
35
37
33
37
31
40
29
33
29
37
31
23
38
32
39
24
34
31
27
37
36
37
33
41
31
35
22
31
31
23
28
3
35
38
27
25
41
34
38
39
30
26
26
32
41
26
30
24
33
37
31
32
27
25
25
30
27
23
34
24
37
28
32
34
27
29
22
41
33
24
27
30
18
28
46
35
32
40
37
31
33
36
37
42
32
30
40
23
26
23
26
26
35
28
24
30
30
28
28
33
33
38
27
38
35
40
33
34
27
25
28
26
5
31
21
35
23
31
33
33
32
37
29
39
34
21
40
35
24
32
39
43
35
27
34
30
32
38
35
43
31
25
29
38
24
33
40
22
37
35
35
31
23
28
28
36
23
27
30
34
36
39
28
33
25
33
26
34
36
28
23
40
33
26
38
28
25
38
30
28
22
34
23
30
33
29
22
28
37
15
28
30
26
45
36
29
30
34
43
32
29
36
21
37
33
32
32
31
36
30
38
24
19
30
19
39
40
33
32
28
26
32
34
36
35
29
32
39
30
34
20
31
38
33
44
37
35
31
32
27
34
27
42
40
33
36
15
27
36
29
35
35
34
22
27
39
27
38
35
35
27
26
41
31
38
30
37
29
35
38
25
29
28
36
37
41
28
38
33
32
30
43
43
43
2
39
32
27
38
24
28
32
38
40
34
30
29
34
40
35
39
25
42
39
29
28
26
32
35
30
31
30
46
33
37
37
39
37
35
27
32
38
40
26
26
26
26
27
29
30
22
38
31
41
35
31
37
25
26
34
29
24
22
32
36
26
25
36
33
20
41
25
37
30
31
31
38
31
42
30
26
32
42
37
26
40
10
20
31
30
25
36
30
32
28
25
35
30
23
26
31
39
37
27
31
34
36
36
28
36
26
28
28
43
29
45
33
33
33
31
32
35
22
31
40
33
34
47
33
28
31
30
34
10
30
38
25
30
33
28
28
35
34
29
38
26
41
41
36
41
11
32
37
29
26
21
30
34
32
38
32
32
34
33
37
29
30
21
27
43
24
25
33
39
34
28
30
40
29
43
34
39
30
31
25
31
27
30
34
36
22
26
29
36
30
32
26
30
32
33
21
6
29
23
34
28
24
27
32
28
34
35
36
26
25
27
37
41
34
27
28
23
36
24
44
38
25
35
28
33
31
35
33
37
21
13
32
31
33
21
29
40
26
41
22
33
32
22
29
26
40
32
23
11
22
24
33
33
25
36
40
22
40
26
32
28
39
33
30
11
36
34
40
38
26
30
30
33
21
28
34
35
39
33
27
24
40
27
32
37
24
40
25
15
28
18
40
24
35
31
29
27
23
36
31
29
40
31
37
7
21
34
33
32
38
35
28
27
24
39
38
24
28
40
22
29
34
23
31
34
49
25
18
23
41
29
26
33
37
30
25
21
29
5
30
42
35
31
34
28
32
35
31
26
36
42
31
33
18
28
68
62
42
70
43
54
45
59
59
55
61
53
45
51
40
48
55
70
47
63
41
71
63
69
63
67
54
54
62
49
17
57
56
42
47
49
51
65
43
61
55
53
62
47
52
50
9
51
55
46
64
42
44
57
43
76
53
43
65
49
50
51
57
50
63
63
6
49
62
46
77
47
48
53
43
58
49
54
47
48
73
44
62
45
55
48
52
46
44
57
50
53
65
56
52
56
56
52
56
42
74
58
56
50
55
64
70
60
68
56
58
52
62
62
32
67
42
56
55
59
59
62
37
45
66
44
74
45
73
64
34
57
41
44
54
69
60
44
60
51
42
53
55
48
71
62
75
58
46
63
63
57
66
51
63
43
79
66
51
59
53
44
69
55
55
51
51
57
59
64
66
58
59
43
51
62
60
47
58
67
63
51
67
8
50
67
48
49
62
58
64
59
58
72
68
77
51
38
53
56
61
65
63
64
55
58
51
53
48
56
54
46
62
62
2
52
48
56
52
46
50
53
60
64
75
43
60
67
65
56
22
48
59
55
59
65
72
60
60
67
52
64
68
52
54
63
54
18
56
58
46
71
65
56
55
57
64
61
57
51
52
72
51
61
61
51
53
50
50
60
71
65
54
64
77
72
103
94
77
79
88
83
84
73
90
76
33
92
69
80
79
76
77
73
87
80
85
62
87
70
77
74
93
77
82
77
76
98
84
77
10
87
64
96
70
81
92
63
70
89
84
86
91
78
87
98
58
95
91
105
84
102
86
81
83
95
71
80
63
83
72
73
81
23
79
89
79
93
74
72
94
81
77
90
75
100
89
109
84
5
82
77
92
42
15
43
29
37
39
28
43
26
34
36
39
44
45
29
29
42
34
47
40
26
35
43
30
43
28
37
48
42
48
52
32
35
40
36
30
34
45
37
40
11
37
22
43
49
36
39
43
42
39
33
38
35
29
40
47
27
28
45
49
41
36
36
43
30
38
30
37
38
31
36
36
28
34
33
37
38
39
41
35
32
26
47
34
41
36
27
39
31
43
44
37
37
44
40
38
44
38
44
22
26
41
44
46
36
35
46
39
22
40
40
36
40
38
39
49
38
45
41
43
26
44
33
36
34
38
41
39
39
36
33
25
34
37
45
33
43
35
31
46
52
46
27
1
41
35
3
35
44
27
44
40
37
32
39
28
29
23
31
33
39
34
44
36
39
42
57
31
29
40
44
25
26
31
39
34
35
33
36
34
43
29
39
26
34
33
32
24
46
34
29
45
32
39
30
45
32
46
39
32
34
32
39
37
32
31
34
36
28
50
34
37
28
42
48
36
36
46
41
43
41
57
49
32
36
37
37
39
37
23
37
36
34
33
43
49
30
32
3
50
29
35
44
42
27
32
45
37
43
38
38
52
37
32
40
32
28
35
37
47
29
39
39
46
39
40
46
53
39
21
40
33
43
32
29
29
56
28
41
42
47
19
33
45
42
38
44
45
36
37
36
43
36
7
48
42
37
23
44
46
47
37
42
26
26
35
39
33
33
45
41
41
46
34
26
18
35
40
47
49
32
39
36
40
48
32
28
41
